1.376484375000000000e+02
2.696171875000000000e+02
1.376484375000000000e+02
3.083359375000000000e+02
1.395703125000000000e+02
3.498203125000000000e+02
1.491796875000000000e+02
3.857734375000000000e+02
1.683984375000000000e+02
4.134296875000000000e+02
1.933828125000000000e+02
4.300234375000000000e+02
2.202890625000000000e+02
4.383203125000000000e+02
2.452734375000000000e+02
4.410859375000000000e+02
2.721796875000000000e+02
4.410859375000000000e+02
2.990859375000000000e+02
4.410859375000000000e+02
3.221484375000000000e+02
4.327890625000000000e+02
3.413671875000000000e+02
4.134296875000000000e+02
3.567421875000000000e+02
3.885390625000000000e+02
3.682734375000000000e+02
3.581171875000000000e+02
3.682734375000000000e+02
3.138671875000000000e+02
3.682734375000000000e+02
2.834453125000000000e+02
3.682734375000000000e+02
2.364296875000000000e+02
1.453359375000000000e+02
2.364296875000000000e+02
1.635937500000000000e+02
2.198359375000000000e+02
1.828125000000000000e+02
2.129218750000000000e+02
2.049140625000000000e+02
2.115390625000000000e+02
2.270156250000000000e+02
2.129218750000000000e+02
2.798671875000000000e+02
2.087734375000000000e+02
2.990859375000000000e+02
2.060078125000000000e+02
3.211875000000000000e+02
2.032421875000000000e+02
3.394453125000000000e+02
2.060078125000000000e+02
3.586640625000000000e+02
2.198359375000000000e+02
2.587265625000000000e+02
2.419609375000000000e+02
2.606484375000000000e+02
2.640859375000000000e+02
2.625703125000000000e+02
2.834453125000000000e+02
2.664140625000000000e+02
3.055703125000000000e+02
2.318203125000000000e+02
3.276953125000000000e+02
2.491171875000000000e+02
3.276953125000000000e+02
2.664140625000000000e+02
3.276953125000000000e+02
2.817890625000000000e+02
3.249296875000000000e+02
2.971640625000000000e+02
3.193984375000000000e+02
1.703203125000000000e+02
2.530234375000000000e+02
1.837734375000000000e+02
2.447265625000000000e+02
2.087578125000000000e+02
2.419609375000000000e+02
2.222109375000000000e+02
2.474921875000000000e+02
2.087578125000000000e+02
2.474921875000000000e+02
1.818515625000000000e+02
2.502578125000000000e+02
2.894765625000000000e+02
2.419609375000000000e+02
3.010078125000000000e+02
2.364296875000000000e+02
3.240703125000000000e+02
2.364296875000000000e+02
3.375234375000000000e+02
2.391953125000000000e+02
3.259921875000000000e+02
2.391953125000000000e+02
3.010078125000000000e+02
2.419609375000000000e+02
2.145234375000000000e+02
3.691796875000000000e+02
2.337421875000000000e+02
3.553515625000000000e+02
2.587265625000000000e+02
3.470546875000000000e+02
2.664140625000000000e+02
3.470546875000000000e+02
2.760234375000000000e+02
3.470546875000000000e+02
2.971640625000000000e+02
3.525859375000000000e+02
3.163828125000000000e+02
3.636484375000000000e+02
3.048515625000000000e+02
3.802421875000000000e+02
2.875546875000000000e+02
3.913046875000000000e+02
2.702578125000000000e+02
3.940703125000000000e+02
2.491171875000000000e+02
3.913046875000000000e+02
2.318203125000000000e+02
3.830078125000000000e+02
2.164453125000000000e+02
3.691796875000000000e+02
2.414296875000000000e+02
3.608828125000000000e+02
2.664140625000000000e+02
3.581171875000000000e+02
2.913984375000000000e+02
3.581171875000000000e+02
3.144609375000000000e+02
3.636484375000000000e+02
2.933203125000000000e+02
3.719453125000000000e+02
2.702578125000000000e+02
3.774765625000000000e+02
2.414296875000000000e+02
3.747109375000000000e+02
